# degree distribution BA network
# degree : number of node with that degree
# <k> <N(k)>
6	25008.8
7	16666
8	11656.2
9	8484.31
10	6359.24
11	4891.55
12	3849.65
13	3075.95
14	2494.47
15	2061.57
16	1717.53
17	1444.69
18	1225.76
19	1050.21
20	913.61
21	792.05
22	687.405
23	607.99
24	536.815
25	479.59
26	427.125
27	383.14
28	344.45
29	313.24
30	285.505
31	258.255
32	232.71
33	215.2
34	196.895
35	180.115
36	166.6
37	151.85
38	141.055
39	131.27
40	122.7
41	114.845
42	105.67
43	99.195
44	93.4
45	86.98
46	80.89
47	75.54
48	71.82
49	66.26
50	63.32
51	59.79
52	55.84
53	53.295
54	50.01
55	47.8
56	44.675
57	42.595
58	41.155
59	38.635
60	36.84
61	34.85
62	34.22
63	32.17
64	30.67
65	29.33
66	27.52
67	26.865
68	25.415
69	24.37
70	23.585
71	22.685
72	21.36
73	21.15
74	19.41
75	19.085
76	18.075
77	17.85
78	16.96
79	16.29
80	16.17
81	15.63
82	14.76
83	14.57
84	13.83
85	13.5
86	12.485
87	12.36
88	12.14
89	11.495
90	11.3
91	10.785
92	10.32
93	10.29
94	10.27
95	9.57
96	9.345
97	8.545
98	8.655
99	8.27
100	8.32
101	7.62
102	8.035
103	7.52
104	7.325
105	7.015
106	6.835
107	6.445
108	6.405
109	6.38
110	6.54
111	5.93
112	5.99
113	5.64
114	5.535
115	5.425
116	5.125
117	4.78
118	5.045
119	5.015
120	4.815
121	4.59
122	4.24
123	4.455
124	4.36
125	4.165
126	3.99
127	3.875
128	3.94
129	3.885
130	3.765
131	3.575
132	3.65
133	3.605
134	3.27
135	3.485
136	3.38
137	3.335
138	3.16
139	3
140	3.085
141	2.99
142	3.01
143	2.765
144	2.73
145	2.75
146	2.585
147	2.66
148	2.605
149	2.46
150	2.565
151	2.445
152	2.38
153	2.105
154	2.345
155	2.065
156	2.105
157	2.125
158	2.085
159	1.96
160	2.205
161	1.9
162	1.875
163	1.87
164	1.995
165	1.825
166	1.835
167	1.825
168	1.76
169	1.665
170	1.7
171	1.61
172	1.835
173	1.615
174	1.525
175	1.595
176	1.48
177	1.46
178	1.465
179	1.49
180	1.44
181	1.625
182	1.425
183	1.36
184	1.28
185	1.37
186	1.46
187	1.195
188	1.24
189	1.085
190	1.275
191	1.28
192	1.165
193	1.055
194	1.27
195	1.04
196	1.03
197	1.1
198	1.155
199	1.155
200	1.01
201	0.99
202	1.02
203	1.095
204	0.895
205	0.895
206	1.07
207	0.915
208	0.82
209	0.975
210	0.835
211	0.875
212	0.845
213	1.045
214	0.855
215	0.835
216	0.985
217	0.82
218	0.815
219	0.705
220	0.74
221	0.88
222	0.855
223	0.76
224	0.73
225	0.68
226	0.725
227	0.65
228	0.645
229	0.65
230	0.73
231	0.755
232	0.77
233	0.63
234	0.675
235	0.675
236	0.645
237	0.655
238	0.57
239	0.58
240	0.555
241	0.465
242	0.58
243	0.59
244	0.58
245	0.685
246	0.53
247	0.53
248	0.625
249	0.56
250	0.615
251	0.445
252	0.45
253	0.535
254	0.455
255	0.45
256	0.435
257	0.525
258	0.455
259	0.42
260	0.585
261	0.43
262	0.51
263	0.465
264	0.505
265	0.4
266	0.455
267	0.515
268	0.42
269	0.41
270	0.425
271	0.405
272	0.41
273	0.35
274	0.335
275	0.49
276	0.36
277	0.415
278	0.435
279	0.415
280	0.38
281	0.38
282	0.325
283	0.385
284	0.395
285	0.395
286	0.295
287	0.335
288	0.31
289	0.32
290	0.395
291	0.345
292	0.31
293	0.35
294	0.345
295	0.32
296	0.245
297	0.35
298	0.285
299	0.4
300	0.315
301	0.285
302	0.23
303	0.32
304	0.28
305	0.295
306	0.295
307	0.23
308	0.285
309	0.325
310	0.235
311	0.245
312	0.26
313	0.28
314	0.24
315	0.34
316	0.27
317	0.275
318	0.215
319	0.325
320	0.2
321	0.275
322	0.33
323	0.235
324	0.21
325	0.25
326	0.34
327	0.23
328	0.24
329	0.225
330	0.19
331	0.235
332	0.285
333	0.23
334	0.255
335	0.235
336	0.155
337	0.24
338	0.2
339	0.225
340	0.195
341	0.16
342	0.24
343	0.18
344	0.185
345	0.195
346	0.215
347	0.21
348	0.225
349	0.195
350	0.19
351	0.155
352	0.145
353	0.185
354	0.18
355	0.205
356	0.2
357	0.215
358	0.115
359	0.19
360	0.2
361	0.225
362	0.2
363	0.165
364	0.175
365	0.165
366	0.21
367	0.185
368	0.135
369	0.155
370	0.165
371	0.175
372	0.17
373	0.19
374	0.155
375	0.115
376	0.115
377	0.25
378	0.16
379	0.165
380	0.17
381	0.165
382	0.15
383	0.155
384	0.21
385	0.135
386	0.14
387	0.12
388	0.085
389	0.14
390	0.12
391	0.145
392	0.15
393	0.13
394	0.115
395	0.18
396	0.14
397	0.105
398	0.145
399	0.13
400	0.08
401	0.15
402	0.13
403	0.175
404	0.105
405	0.115
406	0.135
407	0.1
408	0.12
409	0.2
410	0.11
411	0.115
412	0.17
413	0.125
414	0.125
415	0.09
416	0.07
417	0.12
418	0.14
419	0.125
420	0.14
421	0.1
422	0.095
423	0.14
424	0.105
425	0.155
426	0.17
427	0.09
428	0.13
429	0.14
430	0.135
431	0.135
432	0.075
433	0.13
434	0.09
435	0.08
436	0.08
437	0.095
438	0.13
439	0.075
440	0.135
441	0.1
442	0.1
443	0.07
444	0.09
445	0.11
446	0.075
447	0.12
448	0.085
449	0.095
450	0.085
451	0.1
452	0.11
453	0.085
454	0.11
455	0.08
456	0.115
457	0.1
458	0.085
459	0.08
460	0.07
461	0.1
462	0.07
463	0.07
464	0.07
465	0.085
466	0.09
467	0.08
468	0.105
469	0.085
470	0.1
471	0.065
472	0.085
473	0.105
474	0.09
475	0.09
476	0.095
477	0.065
478	0.08
479	0.105
480	0.09
481	0.055
482	0.07
483	0.095
484	0.075
485	0.075
486	0.12
487	0.085
488	0.075
489	0.07
490	0.055
491	0.075
492	0.065
493	0.055
494	0.05
495	0.08
496	0.06
497	0.045
498	0.05
499	0.07
500	0.065
501	0.085
502	0.06
503	0.075
504	0.075
505	0.07
506	0.055
507	0.08
508	0.06
509	0.065
510	0.065
511	0.055
512	0.065
513	0.065
514	0.095
515	0.065
516	0.065
517	0.095
518	0.06
519	0.095
520	0.05
521	0.085
522	0.045
523	0.095
524	0.055
525	0.07
526	0.09
527	0.07
528	0.08
529	0.045
530	0.035
531	0.04
532	0.06
533	0.04
534	0.035
535	0.03
536	0.025
537	0.05
538	0.08
539	0.03
540	0.07
541	0.07
542	0.07
543	0.055
544	0.03
545	0.085
546	0.025
547	0.05
548	0.03
549	0.055
550	0.035
551	0.045
552	0.04
553	0.05
554	0.03
555	0.035
556	0.045
557	0.07
558	0.04
559	0.09
560	0.055
561	0.045
562	0.075
563	0.06
564	0.045
565	0.075
566	0.045
567	0.05
568	0.055
569	0.05
570	0.04
571	0.04
572	0.045
573	0.04
574	0.045
575	0.09
576	0.07
577	0.06
578	0.08
579	0.035
580	0.025
581	0.03
582	0.055
583	0.045
584	0.055
585	0.075
586	0.04
587	0.045
588	0.035
589	0.045
590	0.045
591	0.03
592	0.065
593	0.065
594	0.035
595	0.035
596	0.03
597	0.045
598	0.03
599	0.03
600	0.06
601	0.035
602	0.06
603	0.055
604	0.055
605	0.02
606	0.05
607	0.03
608	0.065
609	0.045
610	0.06
611	0.02
612	0.04
613	0.065
614	0.065
615	0.03
616	0.02
617	0.035
618	0.055
619	0.025
620	0.045
621	0.02
622	0.025
623	0.05
624	0.06
625	0.035
626	0.045
627	0.02
628	0.035
629	0.03
630	0.075
631	0.04
632	0.08
633	0.045
634	0.03
635	0.01
636	0.04
637	0.03
638	0.03
639	0.02
640	0.035
641	0.045
642	0.02
643	0.04
644	0.055
645	0.03
646	0.055
647	0.05
648	0.05
649	0.07
650	0.03
651	0.02
652	0.025
653	0.055
654	0.035
655	0.035
656	0.03
657	0.045
658	0.065
659	0.025
660	0.02
661	0.02
662	0.035
663	0.025
664	0.035
665	0.045
666	0.035
667	0.06
668	0.035
669	0.035
670	0.05
671	0.035
672	0.005
673	0.015
674	0.03
675	0.045
676	0.03
677	0.025
678	0.04
679	0.04
680	0.045
681	0.03
682	0.065
683	0.04
684	0.02
685	0.025
686	0.03
687	0.025
688	0.035
689	0.025
690	0.035
691	0.02
692	0.025
693	0.03
694	0.045
695	0.03
696	0.045
697	0.03
698	0.025
699	0.055
700	0.03
701	0.03
702	0.03
703	0.03
704	0.03
705	0.025
706	0.02
707	0.01
708	0.02
709	0.065
710	0.01
711	0.035
712	0.02
713	0.025
714	0.04
715	0.025
716	0.025
717	0.035
718	0.045
719	0.05
720	0.03
721	0.02
722	0.035
723	0.025
724	0.015
725	0.03
726	0.02
727	0.02
728	0.02
729	0.02
730	0.02
731	0.025
732	0.05
733	0.02
734	0.035
735	0.02
736	0.02
737	0.045
738	0.025
739	0.005
740	0.03
741	0.03
742	0.03
743	0.025
744	0.05
745	0.025
746	0.03
747	0.03
748	0.005
749	0.02
750	0.05
751	0.02
752	0.025
753	0.015
754	0.035
755	0.03
756	0.015
757	0.03
758	0.035
759	0.035
760	0.045
761	0.04
763	0.025
764	0.05
765	0.055
766	0.025
767	0.04
768	0.01
769	0.02
770	0.025
771	0.03
772	0.02
773	0.015
774	0.05
775	0.045
776	0.035
777	0.025
778	0.01
779	0.015
780	0.04
781	0.01
782	0.01
783	0.05
784	0.045
785	0.04
786	0.03
787	0.015
788	0.025
789	0.015
790	0.04
791	0.03
792	0.03
793	0.035
794	0.01
795	0.045
796	0.015
797	0.01
798	0.015
799	0.005
800	0.02
801	0.045
802	0.03
803	0.04
804	0.005
805	0.025
806	0.025
807	0.03
808	0.015
809	0.03
810	0.04
811	0.04
812	0.04
814	0.03
815	0.02
816	0.015
817	0.03
818	0.015
819	0.005
820	0.03
821	0.04
822	0.04
823	0.025
824	0.015
825	0.005
826	0.035
827	0.03
828	0.045
829	0.03
830	0.025
831	0.02
832	0.025
833	0.025
834	0.045
835	0.025
836	0.02
837	0.015
838	0.02
839	0.02
840	0.01
841	0.015
842	0.015
843	0.01
844	0.035
845	0.04
846	0.03
847	0.01
848	0.03
849	0.025
850	0.03
851	0.025
852	0.03
853	0.015
854	0.025
855	0.005
856	0.01
857	0.015
858	0.025
859	0.01
860	0.035
861	0.045
862	0.005
863	0.025
864	0.025
865	0.045
866	0.02
867	0.005
868	0.02
869	0.015
870	0.01
871	0.02
872	0.025
873	0.01
874	0.005
875	0.015
876	0.015
877	0.025
878	0.02
879	0.02
880	0.005
881	0.015
882	0.015
883	0.015
884	0.02
885	0.015
886	0.01
887	0.01
888	0.035
889	0.04
890	0.025
891	0.015
892	0.025
893	0.03
894	0.02
895	0.035
896	0.025
897	0.015
898	0.025
899	0.02
900	0.03
901	0.02
902	0.03
903	0.025
904	0.045
905	0.015
906	0.025
907	0.01
909	0.005
910	0.02
911	0.03
912	0.01
913	0.03
914	0.035
915	0.02
916	0.025
917	0.03
918	0.02
919	0.01
920	0.025
921	0.01
922	0.015
923	0.025
924	0.015
925	0.015
926	0.025
927	0.04
928	0.035
929	0.015
930	0.015
931	0.015
932	0.01
933	0.015
934	0.03
935	0.04
936	0.015
937	0.02
938	0.02
939	0.04
940	0.01
941	0.02
942	0.015
943	0.015
944	0.005
945	0.015
946	0.01
947	0.025
948	0.03
949	0.03
950	0.025
951	0.01
952	0.03
953	0.05
954	0.02
955	0.01
957	0.025
958	0.005
960	0.015
961	0.015
962	0.035
965	0.01
966	0.01
967	0.02
968	0.02
969	0.015
970	0.01
971	0.015
972	0.02
973	0.04
974	0.035
975	0.01
976	0.01
977	0.035
978	0.02
979	0.035
980	0.01
981	0.02
982	0.015
983	0.01
984	0.015
985	0.025
986	0.025
987	0.025
988	0.015
989	0.01
990	0.005
991	0.01
992	0.02
993	0.005
994	0.02
995	0.03
996	0.015
997	0.025
998	0.01
999	0.005
1000	0.02
1001	0.01
1002	0.02
1003	0.01
1004	0.005
1005	0.015
1006	0.01
1007	0.01
1008	0.02
1009	0.005
1010	0.015
1011	0.02
1012	0.01
1013	0.01
1014	0.02
1015	0.015
1016	0.02
1017	0.02
1018	0.02
1019	0.02
1020	0.015
1021	0.03
1022	0.035
1023	0.025
1024	0.005
1025	0.02
1026	0.02
1027	0.005
1028	0.025
1029	0.02
1030	0.015
1031	0.015
1032	0.025
1033	0.02
1034	0.01
1035	0.005
1036	0.01
1037	0.02
1039	0.025
1040	0.04
1041	0.015
1042	0.01
1043	0.025
1044	0.01
1045	0.02
1047	0.01
1048	0.01
1049	0.02
1050	0.015
1051	0.01
1052	0.01
1053	0.025
1054	0.025
1055	0.02
1056	0.01
1057	0.005
1058	0.015
1059	0.005
1060	0.015
1061	0.015
1062	0.025
1064	0.015
1065	0.01
1066	0.02
1067	0.03
1068	0.01
1069	0.015
1070	0.025
1071	0.005
1072	0.02
1073	0.01
1074	0.005
1075	0.015
1076	0.005
1077	0.015
1078	0.02
1079	0.03
1080	0.02
1081	0.005
1083	0.01
1084	0.01
1085	0.015
1086	0.025
1087	0.02
1088	0.01
1089	0.005
1090	0.015
1091	0.005
1092	0.025
1093	0.015
1094	0.015
1095	0.015
1096	0.025
1097	0.01
1098	0.01
1099	0.01
1100	0.015
1102	0.02
1103	0.015
1104	0.02
1105	0.005
1106	0.02
1108	0.01
1109	0.025
1110	0.01
1111	0.005
1112	0.015
1113	0.005
1114	0.01
1116	0.005
1117	0.02
1118	0.02
1119	0.015
1120	0.015
1121	0.01
1122	0.01
1123	0.02
1124	0.005
1125	0.02
1126	0.015
1127	0.015
1128	0.01
1130	0.01
1131	0.005
1132	0.01
1133	0.01
1134	0.02
1136	0.015
1137	0.01
1138	0.02
1139	0.02
1140	0.02
1142	0.015
1144	0.005
1145	0.02
1146	0.015
1147	0.005
1148	0.02
1149	0.025
1151	0.02
1152	0.01
1153	0.005
1154	0.01
1155	0.005
1157	0.01
1158	0.005
1159	0.005
1160	0.025
1161	0.015
1162	0.005
1163	0.01
1165	0.01
1166	0.025
1167	0.005
1168	0.005
1169	0.015
1171	0.015
1172	0.02
1173	0.005
1174	0.015
1175	0.015
1176	0.005
1178	0.005
1179	0.005
1180	0.005
1181	0.01
1182	0.01
1183	0.02
1184	0.015
1185	0.01
1186	0.01
1187	0.005
1188	0.015
1189	0.02
1190	0.01
1191	0.005
1192	0.02
1194	0.005
1195	0.005
1196	0.005
1198	0.015
1199	0.005
1200	0.025
1201	0.005
1203	0.01
1204	0.005
1205	0.005
1206	0.01
1208	0.005
1209	0.01
1210	0.01
1211	0.005
1212	0.015
1215	0.005
1216	0.005
1217	0.005
1219	0.01
1220	0.01
1221	0.02
1222	0.015
1223	0.015
1224	0.01
1225	0.01
1226	0.01
1227	0.015
1228	0.005
1229	0.01
1230	0.01
1232	0.005
1233	0.005
1234	0.005
1236	0.01
1237	0.005
1239	0.005
1241	0.005
1242	0.005
1243	0.01
1245	0.005
1246	0.01
1247	0.02
1249	0.01
1250	0.015
1252	0.005
1253	0.01
1258	0.01
1259	0.01
1260	0.015
1261	0.01
1262	0.02
1263	0.01
1264	0.01
1265	0.005
1267	0.005
1268	0.005
1270	0.02
1271	0.015
1274	0.01
1276	0.005
1277	0.01
1279	0.01
1281	0.005
1283	0.005
1284	0.005
1285	0.01
1287	0.005
1288	0.01
1289	0.01
1291	0.005
1292	0.01
1293	0.01
1294	0.015
1296	0.005
1297	0.005
1298	0.005
1299	0.005
1301	0.01
1302	0.01
1304	0.005
1305	0.01
1306	0.015
1307	0.01
1309	0.005
1311	0.005
1312	0.025
1313	0.005
1314	0.005
1318	0.005
1319	0.005
1320	0.025
1321	0.01
1322	0.01
1323	0.005
1324	0.005
1325	0.005
1327	0.005
1328	0.005
1329	0.01
1332	0.005
1333	0.005
1334	0.005
1337	0.005
1339	0.01
1340	0.005
1342	0.005
1343	0.015
1345	0.01
1347	0.01
1350	0.015
1352	0.005
1353	0.01
1356	0.005
1359	0.01
1360	0.005
1362	0.01
1363	0.005
1364	0.005
1365	0.005
1366	0.005
1369	0.005
1370	0.005
1373	0.005
1374	0.005
1375	0.005
1376	0.005
1383	0.01
1385	0.005
1387	0.005
1390	0.01
1391	0.005
1393	0.005
1397	0.005
1403	0.005
1405	0.005
1407	0.005
1410	0.005
1412	0.005
1414	0.005
1417	0.005
1418	0.01
1421	0.005
1424	0.005
1429	0.005
1430	0.005
1432	0.005
1435	0.005
1436	0.005
1438	0.005
1440	0.005
1446	0.01
1448	0.005
1449	0.005
1450	0.005
1452	0.005
1454	0.01
1459	0.005
1460	0.005
1461	0.005
1462	0.005
1463	0.005
1477	0.005
1483	0.005
1491	0.01
1496	0.005
1498	0.005
1504	0.005
1507	0.005
1512	0.005
1516	0.005
1518	0.005
1523	0.005
1527	0.005
1529	0.005
1532	0.005
1534	0.005
1537	0.005
1540	0.005
1545	0.005
1547	0.005
1548	0.005
1549	0.005
1563	0.005
1567	0.005
1568	0.01
1569	0.005
1575	0.005
1586	0.005
1596	0.005
1603	0.005
1607	0.005
1611	0.005
1618	0.005
1622	0.01
1636	0.005
1637	0.005
1642	0.005
1652	0.005
1661	0.005
1665	0.005
1699	0.005
1703	0.005
1711	0.005
1720	0.005
1742	0.005
1805	0.005
1831	0.005
1881	0.005
1885	0.005
1945	0.005
