# degree : number of node with that degree
# degree distribution BA network
# <k> <N(k)>
2	1.00039e+06
3	399605
4	200048
5	114415
6	71238.8
7	47599.4
8	33333.7
9	24241.7
10	18204.8
11	13951.6
12	11002
13	8795.7
14	7145.5
15	5882.2
16	4854.3
17	4124.5
18	3520.4
19	3009.6
20	2587.1
21	2282.5
22	1977.1
23	1729.9
24	1536.2
25	1377.4
26	1219.7
27	1076.3
28	1004.8
29	892
30	828.3
31	726.1
32	686.5
33	632.7
34	563.5
35	511.8
36	476.6
37	426.8
38	405.4
39	385.9
40	354.7
41	318.4
42	303.3
43	280.2
44	261.1
45	244.9
46	235
47	216.1
48	206
49	192.9
50	176.7
51	173.9
52	165.1
53	160.1
54	139.1
55	126
56	130.2
57	124.5
58	115.5
59	114.7
60	109.8
61	101
62	92.8
63	93.1
64	82.3
65	86
66	79.1
67	79.4
68	72.8
69	69.2
70	69.4
71	56
72	61
73	58.7
74	57.9
75	54.9
76	52.1
77	47.1
78	50.3
79	46.1
80	44.1
81	39.8
82	40.6
83	44
84	42.1
85	35.9
86	32.2
87	36.4
88	33.3
89	30.7
90	28.2
91	30.2
92	32.5
93	27.8
94	27.6
95	25.7
96	23.3
97	26.2
98	25.4
99	23.3
100	23.7
101	20.4
102	23.4
103	21.9
104	19.7
105	21.4
106	20.8
107	19.8
108	18.7
109	17.8
110	19.5
111	16.7
112	15.4
113	14.8
114	14
115	17.6
116	13.9
117	16.1
118	14.4
119	12.6
120	13.7
121	14.4
122	14
123	12.2
124	13
125	13.3
126	12.7
127	11.2
128	11.3
129	12
130	9.6
131	11.1
132	10.3
133	8.7
134	10.5
135	9.2
136	9.9
137	10.2
138	10.3
139	7.1
140	7.8
141	7.9
142	7.8
143	8.5
144	7.6
145	7
146	8.1
147	6.8
148	8.1
149	7.1
150	8.7
151	6.4
152	7.5
153	6.8
154	6
155	7.7
156	6.6
157	7.7
158	3.7
159	5.8
160	6.2
161	5.9
162	5.3
163	7.5
164	5.7
165	4.4
166	4.8
167	4.2
168	4
169	4.5
170	3.6
171	5.9
172	3.4
173	4.8
174	4
175	3.9
176	4.5
177	4.2
178	4.9
179	4.9
180	4.6
181	3.3
182	4.5
183	5.2
184	4.1
185	3.3
186	3.5
187	2.7
188	2.7
189	3.1
190	3.7
191	3.1
192	1.8
193	3.5
194	3.7
195	3.6
196	3.1
197	3.8
198	3.1
199	3.2
200	3.3
201	2.6
202	2.7
203	2.4
204	2.7
205	3.5
206	2.2
207	2.4
208	2.7
209	3
210	3.4
211	2.3
212	3.1
213	2.7
214	2.6
215	2
216	2.6
217	2.9
218	2
219	2.8
220	2.2
221	2.9
222	2.4
223	2
224	2.9
225	3.3
226	2.4
227	2.8
228	2.1
229	1.2
230	2.3
231	1.4
232	1.2
233	1.3
234	2.6
235	2.5
236	2.1
237	1.3
238	1.4
239	1.7
240	1.9
241	1
242	1
243	2.2
244	1.7
245	1.6
246	1.5
247	2
248	1.3
249	2
250	1.6
251	1.6
252	1.9
253	1.9
254	1.5
255	1.9
256	1.6
257	0.7
258	1.1
259	1.2
260	1.5
261	1.3
262	0.7
263	0.6
264	1
265	1.5
266	1.4
267	0.6
268	1.7
269	1.4
270	1.3
271	1
272	0.8
273	1.1
274	1.2
275	0.9
276	1.2
277	1.3
278	1.1
279	1.6
280	1.2
281	0.9
282	1
283	1.2
284	0.7
285	0.9
286	1.1
287	1.1
288	1
289	1.3
290	0.6
291	0.7
292	0.5
293	1.4
294	1.4
295	0.9
296	1
297	0.7
298	0.7
299	0.5
300	0.9
301	1.2
302	1.2
303	0.9
304	0.6
305	1.3
306	0.5
307	1.2
308	0.6
309	0.7
310	0.8
311	0.7
312	0.6
313	0.9
314	0.6
315	0.4
316	1.1
317	0.7
318	1.3
319	0.7
320	0.3
321	1
322	0.7
323	0.6
324	0.7
325	0.6
326	0.8
327	0.5
328	0.6
329	0.1
330	0.5
331	0.8
332	0.8
333	1
334	0.3
335	0.8
336	0.6
337	0.6
338	0.3
339	0.5
340	0.4
341	0.7
342	0.6
343	0.6
344	0.7
345	0.4
346	0.3
347	1.1
348	0.4
349	0.5
350	0.1
351	0.8
352	0.5
353	0.1
354	0.6
355	0.4
356	0.4
357	0.5
358	0.7
359	0.3
360	0.9
361	0.1
362	0.4
363	0.6
364	0.3
365	0.6
366	0.8
367	0.2
368	0.8
369	0.8
370	0.4
371	0.3
372	0.6
373	0.2
374	0.2
375	0.7
376	0.7
377	0.7
378	0.3
379	0.6
380	0.7
381	0.7
382	0.5
383	0.3
384	0.3
385	0.2
386	0.9
387	0.2
388	0.8
389	0.6
390	0.5
391	0.9
392	0.2
393	0.2
394	0.3
395	0.5
396	0.4
397	0.4
398	0.5
399	0.4
400	0.3
401	0.1
402	0.3
403	0.2
404	0.7
405	0.3
406	0.5
407	0.5
408	0.4
409	0.6
410	0.4
412	0.4
413	0.4
414	0.6
415	0.4
416	0.3
417	0.5
418	0.3
419	0.2
420	0.2
421	0.3
423	0.3
424	0.3
425	0.6
427	0.3
428	0.2
429	0.3
430	0.4
431	0.2
432	0.1
433	0.1
434	0.6
435	0.2
436	0.3
437	0.3
438	0.1
439	0.4
440	0.3
441	0.2
442	0.3
443	0.6
444	0.3
445	0.4
446	0.3
447	0.3
448	0.4
449	0.1
450	0.2
451	0.2
452	0.2
453	0.1
454	0.5
455	0.1
456	0.2
457	0.1
458	0.2
459	0.2
460	0.3
461	0.5
462	0.1
463	0.2
464	0.1
465	0.1
466	0.4
467	0.2
468	0.2
469	0.5
470	0.3
471	0.2
472	0.1
474	0.3
475	0.6
476	0.1
477	0.2
478	0.1
479	0.2
480	0.1
481	0.2
482	0.5
483	0.1
484	0.2
485	0.1
486	0.1
487	0.3
488	0.4
489	0.2
490	0.1
491	0.2
492	0.5
493	0.3
494	0.1
495	0.3
496	0.4
497	0.2
498	0.2
499	0.4
500	0.1
501	0.2
502	0.1
503	0.1
504	0.4
508	0.2
509	0.3
510	0.5
511	0.4
514	0.1
519	0.1
520	0.2
521	0.2
522	0.2
523	0.2
524	0.3
526	0.1
529	0.2
530	0.1
531	0.1
532	0.3
534	0.4
535	0.3
536	0.2
537	0.2
538	0.2
540	0.2
541	0.1
542	0.1
543	0.3
544	0.1
545	0.2
546	0.3
547	0.5
549	0.1
552	0.2
553	0.3
554	0.1
555	0.3
556	0.1
558	0.3
560	0.2
563	0.3
564	0.2
567	0.1
569	0.1
571	0.1
573	0.1
575	0.1
578	0.1
579	0.2
580	0.2
582	0.2
583	0.2
586	0.1
588	0.1
589	0.1
590	0.1
591	0.2
592	0.2
594	0.2
595	0.1
597	0.1
598	0.3
599	0.4
600	0.1
601	0.2
602	0.1
604	0.1
605	0.2
606	0.2
607	0.2
608	0.1
610	0.1
611	0.1
612	0.1
613	0.1
614	0.1
615	0.1
616	0.2
618	0.1
620	0.4
622	0.1
624	0.2
627	0.1
630	0.1
631	0.2
632	0.2
633	0.2
635	0.1
636	0.3
638	0.1
639	0.2
640	0.2
641	0.1
642	0.3
644	0.1
646	0.1
649	0.2
652	0.4
653	0.1
654	0.1
655	0.1
660	0.1
661	0.1
662	0.2
663	0.1
664	0.2
665	0.1
666	0.1
668	0.1
669	0.3
670	0.1
672	0.1
673	0.1
675	0.1
676	0.1
677	0.2
682	0.2
683	0.3
684	0.1
685	0.1
688	0.1
690	0.1
691	0.2
692	0.1
693	0.1
694	0.1
695	0.1
697	0.1
698	0.1
702	0.1
703	0.1
707	0.2
708	0.3
712	0.1
716	0.1
717	0.1
722	0.1
723	0.1
724	0.1
728	0.2
729	0.1
732	0.2
734	0.1
737	0.1
740	0.1
741	0.1
743	0.1
744	0.3
746	0.1
747	0.1
750	0.1
752	0.1
754	0.2
755	0.2
756	0.1
757	0.1
758	0.1
759	0.1
760	0.1
761	0.2
764	0.1
766	0.1
768	0.1
773	0.2
775	0.2
780	0.1
782	0.2
784	0.1
786	0.1
787	0.1
788	0.2
796	0.1
798	0.2
799	0.1
803	0.1
808	0.3
812	0.1
813	0.2
818	0.1
820	0.1
823	0.1
824	0.1
826	0.1
830	0.1
834	0.1
835	0.1
836	0.1
841	0.3
846	0.1
849	0.1
850	0.1
854	0.2
858	0.1
859	0.1
862	0.1
864	0.2
870	0.1
873	0.2
877	0.1
878	0.1
887	0.1
889	0.1
890	0.1
893	0.1
894	0.1
897	0.1
899	0.1
901	0.2
902	0.1
906	0.1
908	0.1
910	0.1
912	0.1
914	0.1
920	0.1
922	0.1
926	0.1
927	0.1
931	0.1
936	0.1
940	0.1
944	0.1
945	0.1
953	0.1
956	0.2
957	0.1
962	0.3
968	0.1
972	0.1
973	0.1
985	0.2
1002	0.1
1011	0.1
1020	0.1
1022	0.1
1034	0.1
1036	0.1
1051	0.1
1057	0.1
1061	0.1
1066	0.1
1078	0.1
1082	0.1
1089	0.2
1093	0.1
1100	0.1
1102	0.1
1109	0.1
1112	0.1
1117	0.1
1119	0.1
1137	0.1
1140	0.1
1142	0.1
1151	0.1
1157	0.1
1162	0.1
1177	0.1
1196	0.1
1202	0.2
1210	0.1
1224	0.1
1234	0.1
1260	0.1
1263	0.2
1283	0.1
1292	0.1
1294	0.1
1326	0.1
1327	0.1
1330	0.1
1332	0.1
1333	0.1
1344	0.1
1353	0.1
1356	0.1
1358	0.1
1361	0.1
1366	0.1
1371	0.1
1374	0.1
1384	0.1
1389	0.1
1400	0.1
1409	0.1
1424	0.1
1435	0.1
1447	0.1
1450	0.1
1473	0.1
1485	0.1
1491	0.1
1492	0.1
1509	0.1
1516	0.1
1520	0.1
1527	0.1
1565	0.1
1575	0.1
1589	0.1
1633	0.1
1659	0.1
1664	0.1
1665	0.1
1666	0.1
1679	0.1
1727	0.1
1733	0.1
1734	0.1
1746	0.1
1772	0.1
1776	0.1
1785	0.1
1789	0.1
1802	0.1
1890	0.1
1893	0.1
1899	0.1
1912	0.1
1919	0.1
1932	0.1
1947	0.1
1962	0.1
1968	0.1
2005	0.1
2012	0.1
2079	0.1
2097	0.1
2101	0.1
2107	0.1
2130	0.1
2154	0.1
2241	0.1
2280	0.1
2281	0.1
2388	0.1
2403	0.1
2438	0.1
2459	0.1
2519	0.1
2697	0.1
2733	0.1
2824	0.1
2926	0.1
2995	0.1
3041	0.1
3173	0.1
3443	0.1
3451	0.1
3479	0.1
3627	0.1
3815	0.1
3917	0.1
3945	0.1
4343	0.1
6530	0.1
